hello
000100000000001
000100000000011
000100000000101
000100000000110
000100000000111
000100000001001
000100000001011
000100000001101
000100000001111
000100000010001
000100000010011
000100000010101
000100000010110
000100000010111
000100000011001
000100000011011
000100000011101
000100000011110
000100000011111
000100000100001
000100000100011
000100000100100
000100000100101
000100000100110
000100000100111
000100000101001
000100000101011
000100000101101
000100000101110
000100000101111
000100000110001
000100000110011
000100000110100
000100000110101
000100000110110
000100000110111
000100000111001
000100000111011
000100000111101
000100000111110
000100000111111
000100001000001
000100001000011
000100001000100
000100001000101
000100001000110
000100001000111
000100001001001
000100001001011
000100001001100
000100001001101
000100001001110
000100001001111
000100001010001
000100001010011
000100001010100
000100001010101
000100001010110
000100001010111
000100001011001
000100001011011
000100001011100
000100001011101
000100001011110
000100001011111
000100001100001
000100001100011
000100001100100
000100001100101
000100001100110
000100001100111
000100001101001
000100001101011
000100001101100
000100001101101
000100001101110
000100001101111
000100001110001
000100001110011
000100001110100
000100001110101
000100001110110
000100001110111
000100001111001
000100001111011
000100001111100
000100001111101
000100001111110
000100001111111
000100010000001
000100010000011
000100010000101
000100010000110
000100010000111
000100010001001
000100010001011
000100010001101
000100010001110
000100010001111
000100010010001
000100010010011
000100010010101
000100010010110
000100010010111
000100010011001
000100010011011
000100010011101
000100010011110
000100010011111
000100010100001
000100010100011
000100010100100
000100010100101
000100010100110
000100010100111
000100010101001
000100010101011
000100010101100
000100010101101
000100010101110
000100010101111
000100010110001
000100010110011
000100010110100
000100010110101
000100010110110
000100010110111
000100010111001
000100010111011
000100010111100
000100010111101
000100010111110
000100010111111
000100011000001
000100011000011
000100011000100
000100011000101
000100011000110
000100011000111
000100011001001
000100011001011
000100011001100
000100011001101
000100011001110
000100011001111
000100011010001
000100011010011
000100011010100
000100011010101
000100011010110
000100011010111
000100011011001
000100011011011
000100011011100
000100011011101
000100011011110
000100011011111
000100011100001
000100011100011
000100011100100
000100011100101
000100011100110
000100011100111
000100011101001
000100011101011
000100011101100
000100011101101
000100011101110
000100011101111
000100011110001
000100011110011
000100011110100
000100011110101
000100011110110
000100011110111
000100011111001
000100011111011
000100011111100
000100011111101
000100011111110
000100011111111
000100100000001
000100100000011
000100100000101
000100100000110
000100100000111
000100100001001
000100100001011
000100100001101
000100100001111
000100100010001
000100100010011
000100100010101
000100100010110
000100100010111
000100100011001
000100100011011
000100100011101
000100100011111
000100100100001
000100100100011
000100100100100
000100100100101
000100100100110
000100100100111
000100100101001
000100100101011
000100100101101
000100100101111
000100100110001
000100100110011
000100100110100
000100100110101
000100100110110
000100100110111
000100100111001
000100100111011
000100100111101
000100100111111
000100101000001
000100101000011
000100101000100
000100101000101
000100101000110
000100101000111
000100101001001
000100101001011
000100101001100
000100101001101
000100101001110
000100101001111
000100101010001
000100101010011
000100101010100
000100101010101
000100101010110
000100101010111
000100101011001
000100101011011
000100101011100
000100101011101
000100101011110
000100101011111
000100101100001
000100101100011
000100101100100
000100101100101
000100101100110
000100101100111
000100101101001
000100101101011
000100101101100
000100101101101
000100101101110
000100101101111
000100101110001
000100101110011
000100101110100
000100101110101
000100101110110
000100101110111
000100101111001
000100101111011
000100101111100
000100101111101
000100101111110
000100101111111
000100110000001
000100110000011
000100110000101
000100110000110
000100110000111
000100110001001
000100110001011
000100110001101
000100110001110
000100110001111
000100110010001
000100110010011
000100110010101
000100110010110
000100110010111
000100110011001
000100110011011
000100110011101
000100110011110
000100110011111
000100110100001
000100110100011
000100110100100
000100110100101
000100110100110
000100110100111
000100110101001
000100110101011
000100110101100
000100110101101
000100110101110
000100110101111
000100110110001
000100110110011
000100110110100
000100110110101
000100110110110
000100110110111
000100110111001
000100110111011
000100110111100
000100110111101
000100110111110
000100110111111
000100111000001
000100111000011
000100111000100
000100111000101
000100111000110
000100111000111
000100111001001
000100111001011
000100111001100
000100111001101
000100111001110
000100111001111
000100111010001
000100111010011
000100111010100
000100111010101
000100111010110
000100111010111
000100111011001
000100111011011
000100111011100
000100111011101
000100111011110
000100111011111
000100111100001
000100111100011
000100111100100
000100111100101
000100111100110
000100111100111
000100111101001
000100111101011
000100111101100
000100111101101
000100111101110
000100111101111
000100111110001
000100111110011
000100111110100
000100111110101
000100111110110
000100111110111
000100111111001
000100111111011
000100111111100
000100111111101
000100111111110
000100111111111
000101000000001
000101000000011
000101000000101
000101000000110
000101000000111
000101000001001
000101000001011
000101000001101
000101000001111
000101000010001
000101000010011
000101000010101
000101000010110
000101000010111
000101000011001
000101000011011
000101000011101
000101000011110
000101000011111
000101000100001
000101000100011
000101000100100
000101000100101
000101000100110
000101000100111
000101000101001
000101000101011
000101000101101
000101000101110
000101000101111
000101000110001
000101000110011
000101000110100
000101000110101
000101000110110
000101000110111
000101000111001
000101000111011
000101000111101
000101000111110
000101000111111
000101001000001
000101001000011
000101001000100
000101001000101
000101001000110
000101001000111
000101001001001
000101001001011
000101001001100
000101001001101
000101001001110
000101001001111
000101001010001
000101001010011
000101001010100
000101001010101
000101001010110
000101001010111
000101001011001
000101001011011
000101001011100
000101001011101
000101001011110
000101001011111
000101001100001
000101001100011
000101001100100
000101001100101
000101001100110
000101001100111
000101001101001
000101001101011
000101001101100
000101001101101
000101001101110
000101001101111
000101001110001
000101001110011
000101001110100
000101001110101
000101001110110
000101001110111
000101001111001
000101001111011
000101001111100
000101001111101
000101001111110
000101001111111
000101010000001
000101010000011
000101010000101
000101010000110
000101010000111
000101010001001
000101010001011
000101010001101
000101010001110
000101010001111
000101010010001
000101010010011
000101010010101
000101010010110
000101010010111
000101010011001
000101010011011
000101010011101
000101010011110
000101010011111
000101010100001
000101010100011
000101010100100
000101010100101
000101010100110
000101010100111
000101010101001
000101010101011
000101010101100
000101010101101
000101010101110
000101010101111
000101010110001
000101010110011
000101010110100
000101010110101
000101010110110
000101010110111
000101010111001
000101010111011
000101010111100
000101010111101
000101010111110
000101010111111
000101011000001
000101011000011
000101011000100
000101011000101
000101011000110
000101011000111
000101011001001
000101011001011
000101011001100
000101011001101
000101011001110
000101011001111
000101011010001
000101011010011
000101011010100
000101011010101
000101011010110
000101011010111
000101011011001
000101011011011
000101011011100
000101011011101
000101011011110
000101011011111
000101011100001
000101011100011
000101011100100
000101011100101
000101011100110
000101011100111
000101011101001
000101011101011
000101011101100
000101011101101
000101011101110
000101011101111
000101011110001
000101011110011
000101011110100
000101011110101
000101011110110
000101011110111
000101011111001
000101011111011
000101011111100
000101011111101
000101011111110
000101011111111
000101100000001
000101100000011
000101100000101
000101100000110
000101100000111
000101100001001
000101100001011
000101100001101
000101100001111
000101100010001
000101100010011
000101100010101
000101100010110
000101100010111
000101100011001
000101100011011
000101100011101
000101100011111
000101100100001
000101100100011
000101100100100
000101100100101
000101100100110
000101100100111
000101100101001
000101100101011
000101100101101
000101100101111
000101100110001
000101100110011
000101100110100
000101100110101
000101100110110
000101100110111
000101100111001
000101100111011
000101100111101
000101100111111
000101101000001
000101101000011
000101101000100
000101101000101
000101101000110
000101101000111
000101101001001
000101101001011
000101101001100
000101101001101
000101101001110
000101101001111
000101101010001
000101101010011
000101101010100
000101101010101
000101101010110
000101101010111
000101101011001
000101101011011
000101101011100
000101101011101
000101101011110
000101101011111
000101101100001
000101101100011
000101101100100
000101101100101
000101101100110
000101101100111
000101101101001
000101101101011
000101101101100
000101101101101
000101101101110
000101101101111
000101101110001
000101101110011
000101101110100
000101101110101
000101101110110
000101101110111
000101101111001
000101101111011
000101101111100
000101101111101
000101101111110
000101101111111
000101110000001
000101110000011
000101110000101
000101110000110
000101110000111
000101110001001
000101110001011
000101110001101
000101110001110
000101110001111
000101110010001
000101110010011
000101110010101
000101110010110
000101110010111
000101110011001
000101110011011
000101110011101
000101110011110
000101110011111
000101110100001
000101110100011
000101110100100
000101110100101
000101110100110
000101110100111
000101110101001
000101110101011
000101110101100
000101110101101
000101110101110
000101110101111
000101110110001
000101110110011
000101110110100
000101110110101
000101110110110
000101110110111
000101110111001
000101110111011
000101110111100
000101110111101
000101110111110
000101110111111
000101111000001
000101111000011
000101111000100
000101111000101
000101111000110
000101111000111
000101111001001
000101111001011
000101111001100
000101111001101
000101111001110
000101111001111
000101111010001
000101111010011
000101111010100
000101111010101
000101111010110
000101111010111
000101111011001
000101111011011
000101111011100
000101111011101
000101111011110
000101111011111
000101111100001
000101111100011
000101111100100
000101111100101
000101111100110
000101111100111
000101111101001
000101111101011
000101111101100
000101111101101
000101111101110
000101111101111
000101111110001
000101111110011
000101111110100
000101111110101
000101111110110
000101111110111
000101111111001
000101111111011
000101111111100
000101111111101
000101111111110
000101111111111
000110000000001
000110000000011
000110000000101
000110000000110
000110000000111
000110000001001
000110000001011
000110000001101
000110000001110
000110000001111
000110000010001
000110000010011
000110000010101
000110000010110
000110000010111
000110000011001
000110000011011
000110000011101
000110000011110
000110000011111
000110000100001
000110000100011
000110000100100
000110000100101
000110000100110
000110000100111
000110000101001
000110000101011
000110000101100
000110000101101
000110000101110
000110000101111
000110000110001
000110000110011
000110000110100
000110000110101
000110000110110
000110000110111
000110000111001
000110000111011
000110000111100
000110000111101
000110000111110
000110000111111
000110001000001
000110001000011
000110001000100
000110001000101
000110001000110
000110001000111
000110001001001
000110001001011
000110001001100
000110001001101
000110001001110
000110001001111
000110001010001
000110001010011
000110001010100
000110001010101
000110001010110
000110001010111
000110001011001
000110001011011
000110001011100
000110001011101
000110001011110
000110001011111
000110001100001
000110001100010
000110001100011
000110001100100
000110001100101
000110001100110
000110001100111
000110001101001
000110001101011
000110001101100
000110001101101
000110001101110
000110001101111
000110001110001
000110001110011
000110001110100
000110001110101
000110001110110
000110001110111
000110001111001
000110001111011
000110001111100
000110001111101
000110001111110
000110001111111
000110010000001
000110010000011
000110010000101
000110010000110
000110010000111
000110010001001
000110010001011
000110010001101
000110010001110
000110010001111
000110010010001
000110010010011
000110010010101
000110010010110
000110010010111
000110010011001
000110010011011
000110010011101
000110010011110
000110010011111
000110010100001
000110010100011
000110010100100
000110010100101
000110010100110
000110010100111
000110010101001
000110010101011
000110010101100
000110010101101
000110010101110
000110010101111
000110010110001
000110010110011
000110010110100
000110010110101
000110010110110
000110010110111
000110010111001
000110010111011
000110010111100
000110010111101
000110010111110
000110010111111
000110011000001
000110011000010
000110011000011
000110011000100
000110011000101
000110011000110
000110011000111
000110011001001
000110011001010
000110011001011
000110011001100
000110011001101
000110011001110
000110011001111
000110011010001
000110011010011
000110011010100
000110011010101
000110011010110
000110011010111
000110011011001
000110011011011
000110011011100
000110011011101
000110011011110
000110011011111
000110011100001
000110011100010
000110011100011
000110011100100
000110011100101
000110011100110
000110011100111
000110011101001
000110011101010
000110011101011
000110011101100
000110011101101
000110011101110
000110011101111
000110011110001
000110011110010
000110011110011
000110011110100
000110011110101
000110011110110
000110011110111
000110011111001
000110011111010
000110011111011
000110011111100
000110011111101
000110011111110
000110011111111
000110100000001
000110100000011
000110100000101
000110100000110
000110100000111
000110100001001
000110100001011
000110100001101
000110100001110
000110100001111
000110100010001
000110100010011
000110100010101
000110100010110
000110100010111
000110100011001
000110100011011
000110100011101
000110100011110
000110100011111
000110100100001
000110100100011
000110100100100
000110100100101
000110100100110
000110100100111
000110100101001
000110100101011
000110100101100
000110100101101
000110100101110
000110100101111
000110100110001
000110100110011
000110100110100
000110100110101
000110100110110
000110100110111
000110100111001
000110100111011
000110100111101
000110100111110
000110100111111
000110101000001
000110101000011
000110101000100
000110101000101
000110101000110
000110101000111
000110101001001
000110101001011
000110101001100
000110101001101
000110101001110
000110101001111
000110101010001
000110101010011
000110101010100
000110101010101
000110101010110
000110101010111
000110101011001
000110101011011
000110101011100
000110101011101
000110101011110
000110101011111
000110101100001
000110101100011
000110101100100
000110101100101
000110101100110
000110101100111
000110101101001
000110101101011
000110101101100
000110101101101
000110101101110
000110101101111
000110101110001
000110101110011
000110101110100
000110101110101
000110101110110
000110101110111
000110101111001
000110101111011
000110101111100
000110101111101
000110101111110
000110101111111
000110110000001
000110110000011
000110110000101
000110110000110
000110110000111
000110110001001
000110110001011
000110110001101
000110110001110
000110110001111
000110110010001
000110110010011
000110110010101
000110110010110
000110110010111
000110110011001
000110110011011
000110110011101
000110110011110
000110110011111
000110110100001
000110110100011
000110110100100
000110110100101
000110110100110
000110110100111
000110110101001
000110110101011
000110110101100
000110110101101
000110110101110
000110110101111
000110110110001
000110110110011
000110110110100
000110110110101
000110110110110
000110110110111
000110110111001
000110110111011
000110110111100
000110110111101
000110110111110
000110110111111
000110111000001
000110111000011
000110111000100
000110111000101
000110111000110
000110111000111
000110111001001
000110111001010
000110111001011
000110111001100
000110111001101
000110111001110
000110111001111
000110111010001
000110111010011
000110111010100
000110111010101
000110111010110
000110111010111
000110111011001
000110111011011
000110111011100
000110111011101
000110111011110
000110111011111
000110111100001
000110111100011
000110111100100
000110111100101
000110111100110
000110111100111
000110111101001
000110111101010
000110111101011
000110111101100
000110111101101
000110111101110
000110111101111
000110111110001
000110111110011
000110111110100
000110111110101
000110111110110
000110111110111
000110111111001
000110111111011
000110111111100
000110111111101
000110111111110
000110111111111
000111000000001
000111000000011
000111000000101
000111000000110
000111000000111
000111000001001
000111000001011
000111000001101
000111000001110
000111000001111
000111000010001
000111000010011
000111000010101
000111000010110
000111000010111
000111000011001
000111000011011
000111000011101
000111000011110
000111000011111
000111000100001
000111000100011
000111000100100
000111000100101
000111000100110
000111000100111
000111000101001
000111000101011
000111000101100
000111000101101
000111000101110
000111000101111
000111000110001
000111000110011
000111000110100
000111000110101
000111000110110
000111000110111
000111000111001
000111000111011
000111000111100
000111000111101
000111000111110
000111000111111
000111001000001
000111001000011
000111001000100
000111001000101
000111001000110
000111001000111
000111001001001
000111001001011
000111001001100
000111001001101
000111001001110
000111001001111
000111001010001
000111001010011
000111001010100
000111001010101
000111001010110
000111001010111
000111001011001
000111001011011
000111001011100
000111001011101
000111001011110
000111001011111
000111001100001
000111001100010
000111001100011
000111001100100
000111001100101
000111001100110
000111001100111
000111001101001
000111001101011
000111001101100
000111001101101
000111001101110
000111001101111
000111001110001
000111001110011
000111001110100
000111001110101
000111001110110
000111001110111
000111001111001
000111001111011
000111001111100
000111001111101
000111001111110
000111001111111
000111010000001
000111010000011
000111010000101
000111010000110
000111010000111
000111010001001
000111010001011
000111010001101
000111010001110
000111010001111
000111010010001
000111010010011
000111010010101
000111010010110
000111010010111
000111010011001
000111010011011
000111010011101
000111010011110
000111010011111
000111010100001
000111010100011
000111010100100
000111010100101
000111010100110
000111010100111
000111010101001
000111010101011
000111010101100
000111010101101
000111010101110
000111010101111
000111010110001
000111010110011
000111010110100
000111010110101
000111010110110
000111010110111
000111010111001
000111010111011
000111010111100
000111010111101
000111010111110
000111010111111
000111011000001
000111011000010
000111011000011
000111011000100
000111011000101
000111011000110
000111011000111
000111011001001
000111011001010
000111011001011
000111011001100
000111011001101
000111011001110
000111011001111
000111011010001
000111011010011
000111011010100
000111011010101
000111011010110
000111011010111
000111011011001
000111011011011
000111011011100
000111011011101
000111011011110
000111011011111
000111011100001
000111011100010
000111011100011
000111011100100
000111011100101
000111011100110
000111011100111
000111011101001
000111011101010
000111011101011
000111011101100
000111011101101
000111011101110
000111011101111
000111011110001
000111011110010
000111011110011
000111011110100
000111011110101
000111011110110
000111011110111
000111011111001
000111011111010
000111011111011
000111011111100
000111011111101
000111011111110
000111011111111
000111100000001
000111100000011
000111100000101
000111100000110
000111100000111
000111100001001
000111100001011
000111100001101
000111100001110
000111100001111
000111100010001
000111100010011
000111100010101
000111100010110
000111100010111
000111100011001
000111100011011
000111100011101
000111100011110
000111100011111
000111100100001
000111100100011
000111100100100
000111100100101
000111100100110
000111100100111
000111100101001
000111100101011
000111100101100
000111100101101
000111100101110
000111100101111
000111100110001
000111100110011
000111100110100
000111100110101
000111100110110
000111100110111
000111100111001
000111100111011
000111100111101
000111100111110
000111100111111
000111101000001
000111101000011
000111101000100
000111101000101
000111101000110
000111101000111
000111101001001
000111101001011
000111101001100
000111101001101
000111101001110
000111101001111
000111101010001
000111101010011
000111101010100
000111101010101
000111101010110
000111101010111
000111101011001
000111101011011
000111101011100
000111101011101
000111101011110
000111101011111
000111101100001
000111101100011
000111101100100
000111101100101
000111101100110
000111101100111
000111101101001
000111101101011
000111101101100
000111101101101
000111101101110
000111101101111
000111101110001
000111101110011
000111101110100
000111101110101
000111101110110
000111101110111
000111101111001
000111101111011
000111101111100
000111101111101
000111101111110
000111101111111
000111110000001
000111110000011
000111110000101
000111110000110
000111110000111
000111110001001
000111110001011
000111110001101
000111110001110
000111110001111
000111110010001
000111110010011
000111110010101
000111110010110
000111110010111
000111110011001
000111110011011
000111110011101
000111110011110
000111110011111
000111110100001
000111110100011
000111110100100
000111110100101
000111110100110
000111110100111
000111110101001
000111110101011
000111110101100
000111110101101
000111110101110
000111110101111
000111110110001
000111110110011
000111110110100
000111110110101
000111110110110
000111110110111
000111110111001
000111110111011
000111110111100
000111110111101
000111110111110
000111110111111
000111111000001
000111111000011
000111111000100
000111111000101
000111111000110
000111111000111
000111111001001
000111111001010
000111111001011
000111111001100
000111111001101
000111111001110
000111111001111
000111111010001
000111111010011
000111111010100
000111111010101
000111111010110
000111111010111
000111111011001
000111111011011
000111111011100
000111111011101
000111111011110
000111111011111
000111111100001
000111111100011
000111111100100
000111111100101
000111111100110
000111111100111
000111111101001
000111111101010
000111111101011
000111111101100
000111111101101
000111111101110
000111111101111
000111111110001
000111111110011
000111111110100
000111111110101
000111111110110
000111111110111
000111111111001
000111111111011
000111111111100
000111111111101
000111111111110
000111111111111
001100000000011
001100000000111
001100000001011
001100000001111
001100000010011
001100000010111
001100000011011
001100000011111
001100000100011
001100000100101
001100000100110
001100000100111
001100000101011
001100000101101
001100000101111
001100000110011
001100000110101
001100000110110
001100000110111
001100000111011
001100000111101
001100000111111
001100001000011
001100001000101
001100001000110
001100001000111
001100001001011
001100001001101
001100001001110
001100001001111
001100001010011
001100001010101
001100001010110
001100001010111
001100001011011
001100001011101
001100001011110
001100001011111
001100001100001
001100001100011
001100001100101
001100001100110
001100001100111
001100001101001
001100001101011
001100001101101
001100001101110
001100001101111
001100001110001
001100001110011
001100001110101
001100001110110
001100001110111
001100001111001
001100001111011
001100001111101
001100001111110
001100001111111
001100010000011
001100010000111
001100010001011
001100010001111
001100010010011
001100010010111
001100010011011
001100010011111
001100010100011
001100010100101
001100010100110
001100010100111
001100010101011
001100010101101
001100010101110
001100010101111
001100010110011
001100010110101
001100010110110
001100010110111
001100010111011
001100010111101
001100010111110
001100010111111
001100011000011
001100011000101
001100011000110
001100011000111
001100011001011
001100011001101
001100011001110
001100011001111
001100011010011
001100011010101
001100011010110
001100011010111
001100011011011
001100011011101
001100011011110
001100011011111
001100011100001
001100011100011
001100011100101
001100011100110
001100011100111
001100011101001
001100011101011
001100011101101
001100011101110
001100011101111
001100011110001
001100011110011
001100011110101
001100011110110
001100011110111
001100011111001
001100011111011
001100011111101
001100011111110
001100011111111
001100100000011
001100100000111
001100100001011
001100100001111
001100100010011
001100100010111
001100100011011
001100100011111
001100100100011
001100100100101
001100100100110
001100100100111
001100100101011
001100100101101
001100100101111
001100100110011
001100100110101
001100100110110
001100100110111
001100100111011
001100100111101
001100100111111
001100101000011
001100101000111
001100101001011
001100101001101
001100101001110
001100101001111
001100101010011
001100101010111
001100101011011
001100101011101
001100101011110
001100101011111
001100101100011
001100101100101
001100101100110
001100101100111
001100101101001
001100101101011
001100101101101
001100101101110
001100101101111
001100101110011
001100101110101
001100101110110
001100101110111
001100101111001
001100101111011
001100101111101
001100101111110
001100101111111
001100110000011
001100110000111
001100110001011
001100110001111
001100110010011
001100110010111
001100110011011
001100110011111
001100110100011
001100110100101
001100110100110
001100110100111
001100110101011
001100110101101
001100110101110
001100110101111
001100110110011
001100110110101
001100110110110
001100110110111
001100110111011
001100110111101
001100110111110
001100110111111
001100111000011
001100111000111
001100111001011
001100111001101
001100111001110
001100111001111
001100111010011
001100111010111
001100111011011
001100111011101
001100111011110
001100111011111
001100111100011
001100111100101
001100111100110
001100111100111
001100111101001
001100111101011
001100111101101
001100111101110
001100111101111
001100111110011
001100111110101
001100111110110
001100111110111
001100111111001
001100111111011
001100111111101
001100111111110
001100111111111
001101000000011
001101000000111
001101000001011
001101000001111
001101000010011
001101000010111
001101000011011
001101000011111
001101000100011
001101000100101
001101000100110
001101000100111
001101000101011
001101000101101
001101000101111
001101000110011
001101000110101
001101000110110
001101000110111
001101000111011
001101000111101
001101000111111
001101001000011
001101001000101
001101001000110
001101001000111
001101001001011
001101001001101
001101001001110
001101001001111
001101001010011
001101001010101
001101001010110
001101001010111
001101001011011
001101001011101
001101001011110
001101001011111
001101001100001
001101001100011
001101001100101
001101001100110
001101001100111
001101001101001
001101001101011
001101001101101
001101001101110
001101001101111
001101001110001
001101001110011
001101001110101
001101001110110
001101001110111
001101001111001
001101001111011
001101001111101
001101001111110
001101001111111
001101010000011
001101010000111
001101010001011
001101010001111
001101010010011
001101010010111
001101010011011
001101010011111
001101010100011
001101010100101
001101010100110
001101010100111
001101010101011
001101010101101
001101010101110
001101010101111
001101010110011
001101010110101
001101010110110
001101010110111
001101010111011
001101010111101
001101010111110
001101010111111
001101011000011
001101011000101
001101011000110
001101011000111
001101011001011
001101011001101
001101011001110
001101011001111
001101011010011
001101011010101
001101011010110
001101011010111
001101011011011
001101011011101
001101011011110
001101011011111
001101011100001
001101011100011
001101011100101
001101011100110
001101011100111
001101011101001
001101011101011
001101011101101
001101011101110
001101011101111
001101011110001
001101011110011
001101011110101
001101011110110
001101011110111
001101011111001
001101011111011
001101011111101
001101011111110
001101011111111
001101100000011
001101100000111
001101100001011
001101100001111
001101100010011
001101100010111
001101100011011
001101100011111
001101100100011
001101100100101
001101100100110
001101100100111
001101100101011
001101100101101
001101100101111
001101100110011
001101100110101
001101100110110
001101100110111
001101100111011
001101100111101
001101100111111
001101101000011
001101101000111
001101101001011
001101101001101
001101101001110
001101101001111
001101101010011
001101101010111
001101101011011
001101101011101
001101101011110
001101101011111
001101101100011
001101101100101
001101101100110
001101101100111
001101101101001
001101101101011
001101101101101
001101101101110
001101101101111
001101101110011
001101101110101
001101101110110
001101101110111
001101101111001
001101101111011
001101101111101
001101101111110
001101101111111
001101110000011
001101110000111
001101110001011
001101110001111
001101110010011
001101110010111
001101110011011
001101110011111
001101110100011
001101110100101
001101110100110
001101110100111
001101110101011
001101110101101
001101110101110
001101110101111
001101110110011
001101110110101
001101110110110
001101110110111
001101110111011
001101110111101
001101110111110
001101110111111
001101111000011
001101111000111
001101111001011
001101111001101
001101111001110
001101111001111
001101111010011
001101111010111
001101111011011
001101111011101
001101111011110
001101111011111
001101111100011
001101111100101
001101111100110
001101111100111
001101111101001
001101111101011
001101111101101
001101111101110
001101111101111
001101111110011
001101111110101
001101111110110
001101111110111
001101111111001
001101111111011
001101111111101
001101111111110
001101111111111
001110000000011
001110000000101
001110000000110
001110000000111
001110000001011
001110000001101
001110000001110
001110000001111
001110000010011
001110000010111
001110000011011
001110000011111
001110000100001
001110000100011
001110000100101
001110000100110
001110000100111
001110000101001
001110000101011
001110000101101
001110000101110
001110000101111
001110000110011
001110000110101
001110000110110
001110000110111
001110000111011
001110000111101
001110000111110
001110000111111
001110001000011
001110001000101
001110001000110
001110001000111
001110001001011
001110001001101
001110001001110
001110001001111
001110001010011
001110001010101
001110001010110
001110001010111
001110001011011
001110001011101
001110001011110
001110001011111
001110001100001
001110001100011
001110001100101
001110001100110
001110001100111
001110001101001
001110001101011
001110001101101
001110001101110
001110001101111
001110001110001
001110001110011
001110001110101
001110001110110
001110001110111
001110001111001
001110001111011
001110001111101
001110001111110
001110001111111
001110010000011
001110010000101
001110010000110
001110010000111
001110010001011
001110010001101
001110010001110
001110010001111
001110010010011
001110010010111
001110010011011
001110010011111
001110010100001
001110010100011
001110010100101
001110010100110
001110010100111
001110010101001
001110010101011
001110010101101
001110010101110
001110010101111
001110010110011
001110010110101
001110010110110
001110010110111
001110010111011
001110010111101
001110010111110
001110010111111
001110011000011
001110011000101
001110011000110
001110011000111
001110011001011
001110011001101
001110011001110
001110011001111
001110011010011
001110011010101
001110011010110
001110011010111
001110011011011
001110011011101
001110011011110
001110011011111
001110011100001
001110011100011
001110011100101
001110011100110
001110011100111
001110011101001
001110011101011
001110011101101
001110011101110
001110011101111
001110011110001
001110011110011
001110011110101
001110011110110
001110011110111
001110011111001
001110011111011
001110011111101
001110011111110
001110011111111
001110100000011
001110100000111
001110100001011
001110100001101
001110100001111
001110100010011
001110100010111
001110100011011
001110100011111
001110100100011
001110100100101
001110100100110
001110100100111
001110100101001
001110100101011
001110100101101
001110100101110
001110100101111
001110100110011
001110100110101
001110100110110
001110100110111
001110100111011
001110100111101
001110100111111
001110101000011
001110101000101
001110101000110
001110101000111
001110101001011
001110101001101
001110101001110
001110101001111
001110101010011
001110101010101
001110101010111
001110101011011
001110101011101
001110101011110
001110101011111
001110101100001
001110101100011
001110101100101
001110101100110
001110101100111
001110101101001
001110101101011
001110101101101
001110101101110
001110101101111
001110101110001
001110101110011
001110101110101
001110101110110
001110101110111
001110101111001
001110101111011
001110101111101
001110101111110
001110101111111
001110110000011
001110110000111
001110110001011
001110110001101
001110110001110
001110110001111
001110110010011
001110110010111
001110110011011
001110110011111
001110110100011
001110110100101
001110110100110
001110110100111
001110110101001
001110110101011
001110110101101
001110110101110
001110110101111
001110110110011
001110110110101
001110110110110
001110110110111
001110110111011
001110110111101
001110110111110
001110110111111
001110111000011
001110111000101
001110111000110
001110111000111
001110111001011
001110111001101
001110111001110
001110111001111
001110111010011
001110111010101
001110111010111
001110111011011
001110111011101
001110111011110
001110111011111
001110111100001
001110111100011
001110111100101
001110111100110
001110111100111
001110111101001
001110111101011
001110111101101
001110111101110
001110111101111
001110111110001
001110111110011
001110111110101
001110111110110
001110111110111
001110111111001
001110111111011
001110111111101
001110111111110
001110111111111
001111000000011
001111000000101
001111000000110
001111000000111
001111000001011
001111000001101
001111000001110
001111000001111
001111000010011
001111000010111
001111000011011
001111000011111
001111000100001
001111000100011
001111000100101
001111000100110
001111000100111
001111000101001
001111000101011
001111000101101
001111000101110
001111000101111
001111000110011
001111000110101
001111000110110
001111000110111
001111000111011
001111000111101
001111000111110
001111000111111
001111001000011
001111001000101
001111001000110
001111001000111
001111001001011
001111001001101
001111001001110
001111001001111
001111001010011
001111001010101
001111001010110
001111001010111
001111001011011
001111001011101
001111001011110
001111001011111
001111001100001
001111001100011
001111001100101
001111001100110
001111001100111
001111001101001
001111001101011
001111001101101
001111001101110
001111001101111
001111001110001
001111001110011
001111001110101
001111001110110
001111001110111
001111001111001
001111001111011
001111001111101
001111001111110
001111001111111
001111010000011
001111010000101
001111010000110
001111010000111
001111010001011
001111010001101
001111010001110
001111010001111
001111010010011
001111010010111
001111010011011
001111010011111
001111010100001
001111010100011
001111010100101
001111010100110
001111010100111
001111010101001
001111010101011
001111010101101
001111010101110
001111010101111
001111010110011
001111010110101
001111010110110
001111010110111
001111010111011
001111010111101
001111010111110
001111010111111
001111011000011
001111011000101
001111011000110
001111011000111
001111011001011
001111011001101
001111011001110
001111011001111
001111011010011
001111011010101
001111011010110
001111011010111
001111011011011
001111011011101
001111011011110
001111011011111
001111011100001
001111011100011
001111011100101
001111011100110
001111011100111
001111011101001
001111011101011
001111011101101
001111011101110
001111011101111
001111011110001
001111011110011
001111011110101
001111011110110
001111011110111
001111011111001
001111011111011
001111011111101
001111011111110
001111011111111
001111100000011
001111100000111
001111100001011
001111100001101
001111100001111
001111100010011
001111100010111
001111100011011
001111100011111
001111100100011
001111100100101
001111100100110
001111100100111
001111100101001
001111100101011
001111100101101
001111100101110
001111100101111
001111100110011
001111100110101
001111100110110
001111100110111
001111100111011
001111100111101
001111100111111
001111101000011
001111101000101
001111101000110
001111101000111
001111101001011
001111101001101
001111101001110
001111101001111
001111101010011
001111101010101
001111101010111
001111101011011
001111101011101
001111101011110
001111101011111
001111101100001
001111101100011
001111101100101
001111101100110
001111101100111
001111101101001
001111101101011
001111101101101
001111101101110
001111101101111
001111101110001
001111101110011
001111101110101
001111101110110
001111101110111
001111101111001
001111101111011
001111101111101
001111101111110
001111101111111
001111110000011
001111110000111
001111110001011
001111110001101
001111110001110
001111110001111
001111110010011
001111110010111
001111110011011
001111110011111
001111110100011
001111110100101
001111110100110
001111110100111
001111110101001
001111110101011
001111110101101
001111110101110
001111110101111
001111110110011
001111110110101
001111110110110
001111110110111
001111110111011
001111110111101
001111110111110
001111110111111
001111111000011
001111111000101
001111111000110
001111111000111
001111111001011
001111111001101
001111111001110
001111111001111
001111111010011
001111111010101
001111111010111
001111111011011
001111111011101
001111111011110
001111111011111
001111111100001
001111111100011
001111111100101
001111111100110
001111111100111
001111111101001
001111111101011
001111111101101
001111111101110
001111111101111
001111111110001
001111111110011
001111111110101
001111111110110
001111111110111
001111111111001
001111111111011
001111111111101
001111111111110
001111111111111
010100000000011
010100000010011
010100000100011
010100000110001
010100000110011
010100001100001
010100001110001
010100010000011
010100010001011
010100010010011
010100010011011
010100010100001
010100010100011
010100010101001
010100010101011
010100010110001
010100010110011
010100010111001
010100010111011
010100011000011
010100011001011
010100011010011
010100011011011
010100011100001
010100011101001
010100011101011
010100011110001
010100011111001
010100011111011
010100101000011
010100101010011
010100110001011
010100110011011
010100110101001
010100110101011
010100110110011
010100110111001
010100110111011
010100111000011
010100111001011
010100111010011
010100111011011
010100111100001
010100111100011
010100111101001
010100111101011
010100111110001
010100111110011
010100111111001
010100111111011
010101000000011
010101000010011
010101000100011
010101000110001
010101000110011
010101001100001
010101010000011
010101010001011
010101010010011
010101010011011
010101010100001
010101010100011
010101010101001
010101010101011
010101010110001
010101010110011
010101010111001
010101010111011
010101011001011
010101011011011
010101011100001
010101011101001
010101011101011
010101011111001
010101101000011
010101110001011
010101110011011
010101110101001
010101110101011
010101110110011
010101110111001
010101110111011
010101111000011
010101111001011
010101111011011
010101111100001
010101111101001
010101111101011
010101111110001
010101111111001
010110000000011
010110000000111
010110000010011
010110000100001
010110000100011
010110000110001
010110000110011
010110001000011
010110001000110
010110001001011
010110001010011
010110001011011
010110001100001
010110001100011
010110001100110
010110001101011
010110001110001
010110001110011
010110001111011
010110010000011
010110010000111
010110010001011
010110010001111
010110010010011
010110010011011
010110010100001
010110010100011
010110010100101
010110010101001
010110010101011
010110010101101
010110010101111
010110010110001
010110010110011
010110010111001
010110010111011
010110010111101
010110011000011
010110011000110
010110011001011
010110011001110
010110011010011
010110011010110
010110011011011
010110011011110
010110011100001
010110011100011
010110011100100
010110011100110
010110011101001
010110011101011
010110011101100
010110011101110
010110011110001
010110011110011
010110011110100
010110011110110
010110011111001
010110011111011
010110011111100
010110011111110
010110100000011
010110100000111
010110100100001
010110100100011
010110101000011
010110101001011
010110101010011
010110101011011
010110101100001
010110101100011
010110101101011
010110101110001
010110101110011
010110101111011
010110110000011
010110110000111
010110110001011
010110110001111
010110110010011
010110110011011
010110110100001
010110110100011
010110110100101
010110110101001
010110110101011
010110110101101
010110110101111
010110110110001
010110110110011
010110110111001
010110110111011
010110110111101
010110111000011
010110111001011
010110111001110
010110111010011
010110111011011
010110111100001
010110111100011
010110111101001
010110111101011
010110111101100
010110111101110
010110111110001
010110111110011
010110111111001
010110111111011
010111000000011
010111000010011
010111000100001
010111000100011
010111000110001
010111000110011
010111001000011
010111001000110
010111001001011
010111001011011
010111001100001
010111001100011
010111001100110
010111001101011
010111001110001
010111010000011
010111010000111
010111010001011
010111010001111
010111010010011
010111010011011
010111010100001
010111010100011
010111010100101
010111010101001
010111010101011
010111010101101
010111010101111
010111010110001
010111010110011
010111010111001
010111010111011
010111011000011
010111011000110
010111011001011
010111011001110
010111011010011
010111011010110
010111011011011
010111011011110
010111011100001
010111011100011
010111011100100
010111011100110
010111011101001
010111011101011
010111011101100
010111011101110
010111011110001
010111011110100
010111011110110
010111011111001
010111011111011
010111011111100
010111011111110
010111100000011
010111100000111
010111100100001
010111100100011
010111101000011
010111101001011
010111101010011
010111101011011
010111101100001
010111101100011
010111101101011
010111110000011
010111110000111
010111110001011
010111110001111
010111110010011
010111110011011
010111110100001
010111110100011
010111110100101
010111110101001
010111110101011
010111110101101
010111110101111
010111110110001
010111110110011
010111110111001
010111110111011
010111111000011
010111111001011
010111111001110
010111111010011
010111111011011
010111111100001
010111111100011
010111111101001
010111111101011
010111111101100
010111111101110
010111111110001
010111111111001
010111111111011
011100000110011
011100010100011
011100010101011
011100010110011
011100010111011
011100110101011
011100110111011
011101010100011
011101010101011
011101010111011
011101110101011
011101110111011
011110000100011
011110000110011
011110010001011
011110010100011
011110010101011
011110010110011
011110010111011
011110011100011
011110011101011
011110011101110
011110100100011
011110110001011
011110110011011
011110110100011
011110110101011
011110110110011
011110110111011
011110111100011
011110111101011
011110111101110
011110111111011
011111000100011
011111010001011
011111010100011
011111010101011
011111010110011
011111010111011
011111011100011
011111011101011
011111011101110
011111100100011
011111110001011
011111110100011
011111110101011
011111110110011
011111110111011
011111111100011
011111111101011
011111111101110
100100000000011
100100000000111
100100000001011
100100000001111
100100000010011
100100000010111
100100000011011
100100000011111
100100000100011
100100000100101
100100000100110
100100000100111
100100000101011
100100000101101
100100000101110
100100000101111
100100000110011
100100000110101
100100000110110
100100000110111
100100000111011
100100000111101
100100000111110
100100000111111
100100001000011
100100001000101
100100001000110
100100001000111
100100001001011
100100001001101
100100001001110
100100001001111
100100001010011
100100001010101
100100001010110
100100001010111
100100001011011
100100001011101
100100001011110
100100001011111
100100001100001
100100001100010
100100001100011
100100001100101
100100001100110
100100001100111
100100001101001
100100001101010
100100001101011
100100001101101
100100001101110
100100001101111
100100001110001
100100001110010
100100001110011
100100001110101
100100001110110
100100001110111
100100001111001
100100001111010
100100001111011
100100001111101
100100001111110
100100001111111
100100010000011
100100010000111
100100010001011
100100010001101
100100010001110
100100010001111
100100010010011
100100010010101
100100010010110
100100010010111
100100010011011
100100010011101
100100010011110
100100010011111
100100010100011
100100010100101
100100010100110
100100010100111
100100010101001
100100010101010
100100010101011
100100010101101
100100010101110
100100010101111
100100010110001
100100010110010
100100010110011
100100010110101
100100010110110
100100010110111
100100010111001
100100010111010
100100010111011
100100010111101
100100010111110
100100010111111
100100011000011
100100011000101
100100011000110
100100011000111
100100011001011
100100011001101
100100011001110
100100011001111
100100011010011
100100011010101
100100011010110
100100011010111
100100011011011
100100011011101
100100011011110
100100011011111
100100011100001
100100011100010
100100011100011
100100011100101
100100011100110
100100011100111
100100011101001
100100011101010
100100011101011
100100011101101
100100011101110
100100011101111
100100011110001
100100011110010
100100011110011
100100011110101
100100011110110
100100011110111
100100011111001
100100011111010
100100011111011
100100011111101
100100011111110
100100011111111
100100100000011
100100100000111
100100100001011
100100100001111
100100100010011
100100100010111
100100100011011
100100100011111
100100100100011
100100100100101
100100100100110
100100100100111
100100100101011
100100100101101
100100100101110
100100100101111
100100100110011
100100100110101
100100100110110
100100100110111
100100100111011
100100100111101
100100100111110
100100100111111
100100101000011
100100101000101
100100101000110
100100101000111
100100101001011
100100101001101
100100101001110
100100101001111
100100101010011
100100101010101
100100101010110
100100101010111
100100101011011
100100101011101
100100101011110
100100101011111
100100101100001
100100101100010
100100101100011
100100101100101
100100101100110
100100101100111
100100101101001
100100101101010
100100101101011
100100101101101
100100101101110
100100101101111
100100101110001
100100101110010
100100101110011
100100101110101
100100101110110
100100101110111
100100101111001
100100101111010
100100101111011
100100101111101
100100101111110
100100101111111
100100110000011
100100110000111
100100110001011
100100110001101
100100110001110
100100110001111
100100110010011
100100110010101
100100110010110
100100110010111
100100110011011
100100110011101
100100110011110
100100110011111
100100110100011
100100110100101
100100110100110
100100110100111
100100110101001
100100110101010
100100110101011
100100110101101
100100110101110
100100110101111
100100110110001
100100110110010
100100110110011
100100110110101
100100110110110
100100110110111
100100110111001
100100110111010
100100110111011
100100110111101
100100110111110
100100110111111
100100111000011
100100111000101
100100111000110
100100111000111
100100111001011
100100111001101
100100111001110
100100111001111
100100111010011
100100111010101
100100111010110
100100111010111
100100111011011
100100111011101
100100111011110
100100111011111
100100111100001
100100111100010
100100111100011
100100111100101
100100111100110
100100111100111
100100111101001
100100111101010
100100111101011
100100111101101
100100111101110
100100111101111
100100111110001
100100111110010
100100111110011
100100111110101
100100111110110
100100111110111
100100111111001
100100111111010
100100111111011
100100111111101
100100111111110
100100111111111
100101000000011
100101000000111
100101000001011
100101000001111
100101000010011
100101000010111
100101000011011
100101000011111
100101000100011
100101000100101
100101000100110
100101000100111
100101000101011
100101000101101
100101000101110
100101000101111
100101000110011
100101000110101
100101000110110
100101000110111
100101000111011
100101000111101
100101000111110
100101000111111
100101001000011
100101001000101
100101001000110
100101001000111
100101001001011
100101001001101
100101001001110
100101001001111
100101001010011
100101001010101
100101001010110
100101001010111
100101001011011
100101001011101
100101001011110
100101001011111
100101001100001
100101001100010
100101001100011
100101001100101
100101001100110
100101001100111
100101001101001
100101001101010
100101001101011
100101001101101
100101001101110
100101001101111
100101001110001
100101001110010
100101001110011
100101001110101
100101001110110
100101001110111
100101001111001
100101001111010
100101001111011
100101001111101
100101001111110
100101001111111
100101010000011
100101010000111
100101010001011
100101010001101
100101010001110
100101010001111
100101010010011
100101010010101
100101010010110
100101010010111
100101010011011
100101010011101
100101010011110
100101010011111
100101010100011
100101010100101
100101010100110
100101010100111
100101010101001
100101010101010
100101010101011
100101010101101
100101010101110
100101010101111
100101010110001
100101010110010
100101010110011
100101010110101
100101010110110
100101010110111
100101010111001
100101010111010
100101010111011
100101010111101
100101010111110
100101010111111
100101011000011
100101011000101
100101011000110
100101011000111
100101011001011
100101011001101
100101011001110
100101011001111
100101011010011
100101011010101
100101011010110
100101011010111
100101011011011
100101011011101
100101011011110
100101011011111
100101011100001
100101011100010
100101011100011
100101011100101
100101011100110
100101011100111
100101011101001
100101011101010
100101011101011
100101011101101
100101011101110
100101011101111
100101011110001
100101011110010
100101011110011
100101011110101
100101011110110
100101011110111
100101011111001
100101011111010
100101011111011
100101011111101
100101011111110
100101011111111
100101100000011
100101100000111
100101100001011
100101100001111
100101100010011
100101100010111
100101100011011
100101100011111
100101100100011
100101100100101
100101100100110
100101100100111
100101100101011
100101100101101
100101100101110
100101100101111
100101100110011
100101100110101
100101100110110
100101100110111
100101100111011
100101100111101
100101100111110
100101100111111
100101101000011
100101101000101
100101101000110
100101101000111
100101101001011
100101101001101
100101101001110
100101101001111
100101101010011
100101101010101
100101101010110
100101101010111
100101101011011
100101101011101
100101101011110
100101101011111
100101101100001
100101101100010
100101101100011
100101101100101
100101101100110
100101101100111
100101101101001
100101101101010
100101101101011
100101101101101
100101101101110
100101101101111
100101101110001
100101101110010
100101101110011
100101101110101
100101101110110
100101101110111
100101101111001
100101101111010
100101101111011
100101101111101
100101101111110
100101101111111
100101110000011
100101110000111
100101110001011
100101110001101
100101110001110
100101110001111
100101110010011
100101110010101
100101110010110
100101110010111
100101110011011
100101110011101
100101110011110
100101110011111
100101110100011
100101110100101
100101110100110
100101110100111
100101110101001
100101110101010
100101110101011
100101110101101
100101110101110
100101110101111
100101110110001
100101110110010
100101110110011
100101110110101
100101110110110
100101110110111
100101110111001
100101110111010
100101110111011
100101110111101
100101110111110
100101110111111
100101111000011
100101111000101
100101111000110
100101111000111
100101111001011
100101111001101
100101111001110
100101111001111
100101111010011
100101111010101
100101111010110
100101111010111
100101111011011
100101111011101
100101111011110
100101111011111
100101111100001
100101111100010
100101111100011
100101111100101
100101111100110
100101111100111
100101111101001
100101111101010
100101111101011
100101111101101
100101111101110
100101111101111
100101111110001
100101111110010
100101111110011
100101111110101
100101111110110
100101111110111
100101111111001
100101111111010
100101111111011
100101111111101
100101111111110
100101111111111
100110000000011
100110000000101
100110000000110
100110000000111
100110000001011
100110000001101
100110000001110
100110000001111
100110000010011
100110000010101
100110000010110
100110000010111
100110000011011
100110000011101
100110000011110
100110000011111
100110000100001
100110000100010
100110000100011
100110000100101
100110000100110
100110000100111
100110000101001
100110000101010
100110000101011
100110000101101
100110000101110
100110000101111
100110000110001
100110000110010
100110000110011
100110000110101
100110000110110
100110000110111
100110000111001
100110000111011
100110000111101
100110000111110
100110000111111
100110001000001
100110001000010
100110001000011
100110001000101
100110001000110
100110001000111
100110001001001
100110001001010
100110001001011
100110001001101
100110001001110
100110001001111
100110001010011
100110001010101
100110001010110
100110001010111
100110001011011
100110001011101
100110001011110
100110001011111
100110001100001
100110001100010
100110001100011
100110001100100
100110001100101
100110001100110
100110001100111
100110001101001
100110001101010
100110001101011
100110001101100
100110001101101
100110001101110
100110001101111
100110001110001
100110001110010
100110001110011
100110001110101
100110001110110
100110001110111
100110001111001
100110001111010
100110001111011
100110001111101
100110001111110
100110001111111
100110010000011
100110010000101
100110010000110
100110010000111
100110010001001
100110010001010
100110010001011
100110010001101
100110010001110
100110010001111
100110010010011
100110010010101
100110010010110
100110010010111
100110010011011
100110010011101
100110010011110
100110010011111
100110010100001
100110010100010
100110010100011
100110010100101
100110010100110
100110010100111
100110010101001
100110010101010
100110010101011
100110010101100
100110010101101
100110010101110
100110010101111
100110010110001
100110010110010
100110010110011
100110010110101
100110010110110
100110010110111
100110010111001
100110010111010
100110010111011
100110010111101
100110010111110
100110010111111
100110011000001
100110011000010
100110011000011
100110011000101
100110011000110
100110011000111
100110011001001
100110011001010
100110011001011
100110011001101
100110011001110
100110011001111
100110011010011
100110011010101
100110011010110
100110011010111
100110011011001
100110011011010
100110011011011
100110011011101
100110011011110
100110011011111
100110011100001
100110011100010
100110011100011
100110011100100
100110011100101
100110011100110
100110011100111
100110011101001
100110011101010
100110011101011
100110011101100
100110011101101
100110011101110
100110011101111
100110011110001
100110011110010
100110011110011
100110011110101
100110011110110
100110011110111
100110011111001
100110011111010
100110011111011
100110011111100
100110011111101
100110011111110
100110011111111
100110100000011
100110100000101
100110100000110
100110100000111
100110100001011
100110100001101
100110100001110
100110100001111
100110100010011
100110100010101
100110100010110
100110100010111
100110100011011
100110100011101
100110100011110
100110100011111
100110100100001
100110100100010
100110100100011
100110100100101
100110100100110
100110100100111
100110100101001
100110100101010
100110100101011
100110100101101
100110100101110
100110100101111
100110100110001
100110100110010
100110100110011
100110100110101
100110100110110
100110100110111
100110100111001
100110100111011
100110100111101
100110100111110
100110100111111
100110101000001
100110101000010
100110101000011
100110101000101
100110101000110
100110101000111
100110101001001
100110101001010
100110101001011
100110101001101
100110101001110
100110101001111
100110101010011
100110101010101
100110101010110
100110101010111
100110101011011
100110101011101
100110101011110
100110101011111
100110101100001
100110101100010
100110101100011
100110101100100
100110101100101
100110101100110
100110101100111
100110101101001
100110101101010
100110101101011
100110101101100
100110101101101
100110101101110
100110101101111
100110101110001
100110101110010
100110101110011
100110101110101
100110101110110
100110101110111
100110101111001
100110101111010
100110101111011
100110101111101
100110101111110
100110101111111
100110110000011
100110110000101
100110110000110
100110110000111
100110110001001
100110110001010
100110110001011
100110110001101
100110110001110
100110110001111
100110110010011
100110110010101
100110110010110
100110110010111
100110110011011
100110110011101
100110110011110
100110110011111
100110110100001
100110110100010
100110110100011
100110110100101
100110110100110
100110110100111
100110110101001
100110110101010
100110110101011
100110110101100
100110110101101
100110110101110
100110110101111
100110110110001
100110110110010
100110110110011
100110110110101
100110110110110
100110110110111
100110110111001
100110110111010
100110110111011
100110110111101
100110110111110
100110110111111
100110111000001
100110111000010
100110111000011
100110111000101
100110111000110
100110111000111
100110111001001
100110111001010
100110111001011
100110111001101
100110111001110
100110111001111
100110111010011
100110111010101
100110111010110
100110111010111
100110111011001
100110111011010
100110111011011
100110111011101
100110111011110
100110111011111
100110111100001
100110111100010
100110111100011
100110111100100
100110111100101
100110111100110
100110111100111
100110111101001
100110111101010
100110111101011
100110111101100
100110111101101
100110111101110
100110111101111
100110111110001
100110111110010
100110111110011
100110111110101
100110111110110
100110111110111
100110111111001
100110111111010
100110111111011
100110111111100
100110111111101
100110111111110
100110111111111
100111000000011
100111000000101
100111000000110
100111000000111
100111000001011
100111000001101
100111000001110
100111000001111
100111000010011
100111000010101
100111000010110
100111000010111
100111000011011
100111000011101
100111000011110
100111000011111
100111000100001
100111000100010
100111000100011
100111000100101
100111000100110
100111000100111
100111000101001
100111000101010
100111000101011
100111000101101
100111000101110
100111000101111
100111000110001
100111000110010
100111000110011
100111000110101
100111000110110
100111000110111
100111000111001
100111000111011
100111000111101
100111000111110
100111000111111
100111001000001
100111001000010
100111001000011
100111001000101
100111001000110
100111001000111
100111001001001
100111001001010
100111001001011
100111001001101
100111001001110
100111001001111
100111001010011
100111001010101
100111001010110
100111001010111
100111001011011
100111001011101
100111001011110
100111001011111
100111001100001
100111001100010
100111001100011
100111001100100
100111001100101
100111001100110
100111001100111
100111001101001
100111001101010
100111001101011
100111001101100
100111001101101
100111001101110
100111001101111
100111001110001
100111001110010
100111001110011
100111001110101
100111001110110
100111001110111
100111001111001
100111001111010
100111001111011
100111001111101
100111001111110
100111001111111
100111010000011
100111010000101
100111010000110
100111010000111
100111010001001
100111010001010
100111010001011
100111010001101
100111010001110
100111010001111
100111010010011
100111010010101
100111010010110
100111010010111
100111010011011
100111010011101
100111010011110
100111010011111
100111010100001
100111010100010
100111010100011
100111010100101
100111010100110
100111010100111
100111010101001
100111010101010
100111010101011
100111010101100
100111010101101
100111010101110
100111010101111
100111010110001
100111010110010
100111010110011
100111010110101
100111010110110
100111010110111
100111010111001
100111010111010
100111010111011
100111010111101
100111010111110
100111010111111
100111011000001
100111011000010
100111011000011
100111011000101
100111011000110
100111011000111
100111011001001
100111011001010
100111011001011
100111011001101
100111011001110
100111011001111
100111011010011
100111011010101
100111011010110
100111011010111
100111011011001
100111011011010
100111011011011
100111011011101
100111011011110
100111011011111
100111011100001
100111011100010
100111011100011
100111011100100
100111011100101
100111011100110
100111011100111
100111011101001
100111011101010
100111011101011
100111011101100
100111011101101
100111011101110
100111011101111
100111011110001
100111011110010
100111011110011
100111011110101
100111011110110
100111011110111
100111011111001
100111011111010
100111011111011
100111011111100
100111011111101
100111011111110
100111011111111
100111100000011
100111100000101
100111100000110
100111100000111
100111100001011
100111100001101
100111100001110
100111100001111
100111100010011
100111100010101
100111100010110
100111100010111
100111100011011
100111100011101
100111100011110
100111100011111
100111100100001
100111100100010
100111100100011
100111100100101
100111100100110
100111100100111
100111100101001
100111100101010
100111100101011
100111100101101
100111100101110
100111100101111
100111100110001
100111100110010
100111100110011
100111100110101
100111100110110
100111100110111
100111100111001
100111100111011
100111100111101
100111100111110
100111100111111
100111101000001
100111101000010
100111101000011
100111101000101
100111101000110
100111101000111
100111101001001
100111101001010
100111101001011
100111101001101
100111101001110
100111101001111
100111101010011
100111101010101
100111101010110
100111101010111
100111101011011
100111101011101
100111101011110
100111101011111
100111101100001
100111101100010
100111101100011
100111101100100
100111101100101
100111101100110
100111101100111
100111101101001
100111101101010
100111101101011
100111101101100
100111101101101
100111101101110
100111101101111
100111101110001
100111101110010
100111101110011
100111101110101
100111101110110
100111101110111
100111101111001
100111101111010
100111101111011
100111101111101
100111101111110
100111101111111
100111110000011
100111110000101
100111110000110
100111110000111
100111110001001
100111110001010
100111110001011
100111110001101
100111110001110
100111110001111
100111110010011
100111110010101
100111110010110
100111110010111
100111110011011
100111110011101
100111110011110
100111110011111
100111110100001
100111110100010
100111110100011
100111110100101
100111110100110
100111110100111
100111110101001
100111110101010
100111110101011
100111110101100
100111110101101
100111110101110
100111110101111
100111110110001
100111110110010
100111110110011
100111110110101
100111110110110
100111110110111
100111110111001
100111110111010
100111110111011
100111110111101
100111110111110
100111110111111
100111111000001
100111111000010
100111111000011
100111111000101
100111111000110
100111111000111
100111111001001
100111111001010
100111111001011
100111111001101
100111111001110
100111111001111
100111111010011
100111111010101
100111111010110
100111111010111
100111111011001
100111111011010
100111111011011
100111111011101
100111111011110
100111111011111
100111111100001
100111111100010
100111111100011
100111111100100
100111111100101
100111111100110
100111111100111
100111111101001
100111111101010
100111111101011
100111111101100
100111111101101
100111111101110
100111111101111
100111111110001
100111111110010
100111111110011
100111111110101
100111111110110
100111111110111
100111111111001
100111111111010
100111111111011
100111111111100
100111111111101
100111111111110
100111111111111
101100000000011
101100000000111
101100000001011
101100000001111
101100000010011
101100000010111
101100000011011
101100000011111
101100000100011
101100000100101
101100000100110
101100000100111
101100000101011
101100000101101
101100000101110
101100000101111
101100000110011
101100000110101
101100000110110
101100000110111
101100000111011
101100000111101
101100000111110
101100000111111
101100001000011
101100001000101
101100001000110
101100001000111
101100001001011
101100001001101
101100001001110
101100001001111
101100001010011
101100001010101
101100001010110
101100001010111
101100001011011
101100001011101
101100001011110
101100001011111
101100001100001
101100001100010
101100001100011
101100001100101
101100001100110
101100001100111
101100001101001
101100001101010
101100001101011
101100001101101
101100001101110
101100001101111
101100001110001
101100001110010
101100001110011
101100001110101
101100001110110
101100001110111
101100001111001
101100001111010
101100001111011
101100001111101
101100001111110
101100001111111
101100010000011
101100010000111
101100010001011
101100010001101
101100010001110
101100010001111
101100010010011
101100010010101
101100010010110
101100010010111
101100010011011
101100010011101
101100010011110
101100010011111
101100010100011
101100010100101
101100010100110
101100010100111
101100010101001
101100010101010
101100010101011
101100010101101
101100010101110
101100010101111
101100010110001
101100010110010
101100010110011
101100010110101
101100010110110
101100010110111
101100010111001
101100010111010
101100010111011
101100010111101
101100010111110
101100010111111
101100011000011
101100011000101
101100011000110
101100011000111
101100011001011
101100011001101
101100011001110
101100011001111
101100011010011
101100011010101
101100011010110
101100011010111
101100011011011
101100011011101
101100011011110
101100011011111
101100011100001
101100011100010
101100011100011
101100011100101
101100011100110
101100011100111
101100011101001
101100011101010
101100011101011
101100011101101
101100011101110
101100011101111
101100011110001
101100011110010
101100011110011
101100011110101
101100011110110
101100011110111
101100011111001
101100011111010
101100011111011
101100011111101
101100011111110
101100011111111
101100100000011
101100100000111
101100100001011
101100100001111
101100100010011
101100100010111
101100100011011
101100100011111
101100100100011
101100100100101
101100100100110
101100100100111
101100100101011
101100100101101
101100100101110
101100100101111
101100100110011
101100100110101
101100100110110
101100100110111
101100100111011
101100100111101
101100100111110
101100100111111
101100101000011
101100101000101
101100101000110
101100101000111
101100101001011
101100101001101
101100101001110
101100101001111
101100101010011
101100101010101
101100101010110
101100101010111
101100101011011
101100101011101
101100101011110
101100101011111
101100101100001
101100101100010
101100101100011
101100101100101
101100101100110
101100101100111
101100101101001
101100101101010
101100101101011
101100101101101
101100101101110
101100101101111
101100101110001
101100101110010
101100101110011
101100101110101
101100101110110
101100101110111
101100101111001
101100101111010
101100101111011
101100101111101
101100101111110
101100101111111
101100110000011
101100110000111
101100110001011
101100110001101
101100110001110
101100110001111
101100110010011
101100110010101
101100110010110
101100110010111
101100110011011
101100110011101
101100110011110
101100110011111
101100110100011
101100110100101
101100110100110
101100110100111
101100110101001
101100110101010
101100110101011
101100110101101
101100110101110
101100110101111
101100110110001
101100110110010
101100110110011
101100110110101
101100110110110
101100110110111
101100110111001
101100110111010
101100110111011
101100110111101
101100110111110
101100110111111
101100111000011
101100111000101
101100111000110
101100111000111
101100111001011
101100111001101
101100111001110
101100111001111
101100111010011
101100111010101
101100111010110
101100111010111
101100111011011
101100111011101
101100111011110
101100111011111
101100111100001
101100111100010
101100111100011
101100111100101
101100111100110
101100111100111
101100111101001
101100111101010
101100111101011
101100111101101
101100111101110
101100111101111
101100111110001
101100111110010
101100111110011
101100111110101
101100111110110
101100111110111
101100111111001
101100111111010
101100111111011
101100111111101
101100111111110
101100111111111
101101000000011
101101000000111
101101000001011
101101000001111
101101000010011
101101000010111
101101000011011
101101000011111
101101000100011
101101000100101
101101000100110
101101000100111
101101000101011
101101000101101
101101000101110
101101000101111
101101000110011
101101000110101
101101000110110
101101000110111
101101000111011
101101000111101
101101000111110
101101000111111
101101001000011
101101001000101
101101001000110
101101001000111
101101001001011
101101001001101
101101001001110
101101001001111
101101001010011
101101001010101
101101001010110
101101001010111
101101001011011
101101001011101
101101001011110
101101001011111
101101001100001
101101001100010
101101001100011
101101001100101
101101001100110
101101001100111
101101001101001
101101001101010
101101001101011
101101001101101
101101001101110
101101001101111
101101001110001
101101001110010
101101001110011
101101001110101
101101001110110
101101001110111
101101001111001
101101001111010
101101001111011
101101001111101
101101001111110
101101001111111
101101010000011
101101010000111
101101010001011
101101010001101
101101010001110
101101010001111
101101010010011
101101010010101
101101010010110
101101010010111
101101010011011
101101010011101
101101010011110
101101010011111
101101010100011
101101010100101
101101010100110
101101010100111
101101010101001
101101010101010
101101010101011
101101010101101
101101010101110
101101010101111
101101010110001
101101010110011
101101010110101
101101010110110
101101010110111
101101010111001
101101010111010
101101010111011
101101010111101
101101010111110
101101010111111
101101011000011
101101011000101
101101011000110
101101011000111
101101011001011
101101011001101
101101011001110
101101011001111
101101011010011
101101011010101
101101011010110
101101011010111
101101011011011
101101011011101
101101011011110
101101011011111
101101011100001
101101011100010
101101011100011
101101011100101
101101011100110
101101011100111
101101011101001
101101011101010
101101011101011
101101011101101
101101011101110
101101011101111
101101011110001
101101011110010
101101011110011
101101011110101
101101011110110
101101011110111
101101011111001
101101011111010
101101011111011
101101011111101
101101011111110
101101011111111
101101100000011
101101100000111
101101100001011
101101100001111
101101100010011
101101100010111
101101100011011
101101100011111
101101100100011
101101100100101
101101100100110
101101100100111
101101100101011
101101100101101
101101100101110
101101100101111
101101100110011
101101100110101
101101100110110
101101100110111
101101100111011
101101100111101
101101100111110
101101100111111
101101101000011
101101101000101
101101101000110
101101101000111
101101101001011
101101101001101
101101101001110
101101101001111
101101101010011
101101101010101
101101101010110
101101101010111
101101101011011
101101101011101
101101101011110
101101101011111
101101101100001
101101101100010
101101101100011
101101101100101
101101101100110
101101101100111
101101101101001
101101101101010
101101101101011
101101101101101
101101101101110
101101101101111
101101101110001
101101101110010
101101101110011
101101101110101
101101101110110
101101101110111
101101101111001
101101101111010
101101101111011
101101101111101
101101101111110
101101101111111
101101110000011
101101110000111
101101110001011
101101110001101
101101110001110
101101110001111
101101110010011
101101110010101
101101110010110
101101110010111
101101110011011
101101110011101
101101110011110
101101110011111
101101110100011
101101110100101
101101110100110
101101110100111
101101110101001
101101110101010
101101110101011
101101110101101
101101110101110
101101110101111
101101110110001
101101110110011
101101110110101
101101110110110
101101110110111
101101110111001
101101110111010
101101110111011
101101110111101
101101110111110
101101110111111
101101111000011
101101111000101
101101111000110
101101111000111
101101111001011
101101111001101
101101111001110
101101111001111
101101111010011
101101111010101
101101111010110
101101111010111
101101111011011
101101111011101
101101111011110
101101111011111
101101111100001
101101111100010
101101111100011
101101111100101
101101111100110
101101111100111
101101111101001
101101111101010
101101111101011
101101111101101
101101111101110
101101111101111
101101111110001
101101111110010
101101111110011
101101111110101
101101111110110
101101111110111
101101111111001
101101111111010
101101111111011
101101111111101
101101111111110
101101111111111
101110000000011
101110000000101
101110000000110
101110000000111
101110000001011
101110000001101
101110000001110
101110000001111
101110000010011
101110000010101
101110000010110
101110000010111
101110000011011
101110000011101
101110000011110
101110000011111
101110000100001
101110000100010
101110000100011
101110000100101
101110000100110
101110000100111
101110000101001
101110000101011
101110000101101
101110000101110
101110000101111
101110000110001
101110000110010
101110000110011
101110000110101
101110000110110
101110000110111
101110000111001
101110000111011
101110000111101
101110000111110
101110000111111
101110001000001
101110001000010
101110001000011
101110001000101
101110001000110
101110001000111
101110001001001
101110001001010
101110001001011
101110001001101
101110001001110
101110001001111
101110001010011
101110001010101
101110001010110
101110001010111
101110001011011
101110001011101
101110001011110
101110001011111
101110001100001
101110001100010
101110001100011
101110001100100
101110001100101
101110001100110
101110001100111
101110001101001
101110001101010
101110001101011
101110001101100
101110001101101
101110001101110
101110001101111
101110001110001
101110001110010
101110001110011
101110001110101
101110001110110
101110001110111
101110001111001
101110001111010
101110001111011
101110001111101
101110001111110
101110001111111
101110010000011
101110010000101
101110010000110
101110010000111
101110010001001
101110010001010
101110010001011
101110010001101
101110010001110
101110010001111
101110010010011
101110010010101
101110010010110
101110010010111
101110010011011
101110010011101
101110010011110
101110010011111
101110010100001
101110010100010
101110010100011
101110010100101
101110010100110
101110010100111
101110010101001
101110010101010
101110010101011
101110010101100
101110010101101
101110010101110
101110010101111
101110010110001
101110010110010
101110010110011
101110010110101
101110010110110
101110010110111
101110010111001
101110010111010
101110010111011
101110010111101
101110010111110
101110010111111
101110011000001
101110011000010
101110011000011
101110011000101
101110011000110
101110011000111
101110011001001
101110011001010
101110011001011
101110011001101
101110011001110
101110011001111
101110011010011
101110011010101
101110011010110
101110011010111
101110011011001
101110011011010
101110011011011
101110011011101
101110011011110
101110011011111
101110011100001
101110011100010
101110011100011
101110011100100
101110011100101
101110011100110
101110011100111
101110011101001
101110011101010
101110011101011
101110011101100
101110011101101
101110011101110
101110011101111
101110011110001
101110011110010
101110011110011
101110011110101
101110011110110
101110011110111
101110011111001
101110011111010
101110011111011
101110011111100
101110011111101
101110011111110
101110011111111
101110100000011
101110100000101
101110100000110
101110100000111
101110100001011
101110100001101
101110100001110
101110100001111
101110100010011
101110100010101
101110100010110
101110100010111
101110100011011
101110100011101
101110100011110
101110100011111
101110100100001
101110100100010
101110100100011
101110100100101
101110100100110
101110100100111
101110100101001
101110100101011
101110100101101
101110100101110
101110100101111
101110100110001
101110100110010
101110100110011
101110100110101
101110100110110
101110100110111
101110100111001
101110100111011
101110100111101
101110100111110
101110100111111
101110101000001
101110101000010
101110101000011
101110101000101
101110101000110
101110101000111
101110101001001
101110101001010
101110101001011
101110101001101
101110101001110
101110101001111
101110101010011
101110101010101
101110101010110
101110101010111
101110101011011
101110101011101
101110101011110
101110101011111
101110101100001
101110101100010
101110101100011
101110101100100
101110101100101
101110101100110
101110101100111
101110101101001
101110101101010
101110101101011
101110101101100
101110101101101
101110101101110
101110101101111
101110101110001
101110101110010
101110101110011
101110101110101
101110101110110
101110101110111
101110101111001
101110101111010
101110101111011
101110101111101
101110101111110
101110101111111
101110110000011
101110110000101
101110110000110
101110110000111
101110110001001
101110110001010
101110110001011
101110110001101
101110110001110
101110110001111
101110110010011
101110110010101
101110110010110
101110110010111
101110110011011
101110110011101
101110110011110
101110110011111
101110110100001
101110110100010
101110110100011
101110110100101
101110110100110
101110110100111
101110110101001
101110110101010
101110110101011
101110110101100
101110110101101
101110110101110
101110110101111
101110110110001
101110110110010
101110110110011
101110110110101
101110110110110
101110110110111
101110110111001
101110110111010
101110110111011
101110110111101
101110110111110
101110110111111
101110111000001
101110111000010
101110111000011
101110111000101
101110111000110
101110111000111
101110111001001
101110111001010
101110111001011
101110111001101
101110111001110
101110111001111
101110111010011
101110111010101
101110111010110
101110111010111
101110111011001
101110111011010
101110111011011
101110111011101
101110111011110
101110111011111
101110111100001
101110111100010
101110111100011
101110111100100
101110111100101
101110111100110
101110111100111
101110111101001
101110111101010
101110111101011
101110111101100
101110111101101
101110111101110
101110111101111
101110111110001
101110111110010
101110111110011
101110111110101
101110111110110
101110111110111
101110111111001
101110111111010
101110111111011
101110111111100
101110111111101
101110111111110
101110111111111
101111000000011
101111000000101
101111000000110
101111000000111
101111000001011
101111000001101
101111000001110
101111000001111
101111000010011
101111000010101
101111000010110
101111000010111
101111000011011
101111000011101
101111000011110
101111000011111
101111000100001
101111000100010
101111000100011
101111000100101
101111000100110
101111000100111
101111000101001
101111000101011
101111000101101
101111000101110
101111000101111
101111000110001
101111000110011
101111000110101
101111000110110
101111000110111
101111000111001
101111000111011
101111000111101
101111000111110
101111000111111
101111001000001
101111001000010
101111001000011
101111001000101
101111001000110
101111001000111
101111001001001
101111001001010
101111001001011
101111001001101
101111001001110
101111001001111
101111001010011
101111001010101
101111001010110
101111001010111
101111001011011
101111001011101
101111001011110
101111001011111
101111001100001
101111001100010
101111001100011
101111001100100
101111001100101
101111001100110
101111001100111
101111001101001
101111001101010
101111001101011
101111001101100
101111001101101
101111001101110
101111001101111
101111001110001
101111001110010
101111001110011
101111001110101
101111001110110
101111001110111
101111001111001
101111001111010
101111001111011
101111001111101
101111001111110
101111001111111
101111010000011
101111010000101
101111010000110
101111010000111
101111010001001
101111010001010
101111010001011
101111010001101
101111010001110
101111010001111
101111010010011
101111010010101
101111010010110
101111010010111
101111010011011
101111010011101
101111010011110
101111010011111
101111010100001
101111010100010
101111010100011
101111010100101
101111010100110
101111010100111
101111010101001
101111010101010
101111010101011
101111010101100
101111010101101
101111010101110
101111010101111
101111010110001
101111010110010
101111010110011
101111010110101
101111010110110
101111010110111
101111010111001
101111010111010
101111010111011
101111010111101
101111010111110
101111010111111
101111011000001
101111011000010
101111011000011
101111011000101
101111011000110
101111011000111
101111011001001
101111011001010
101111011001011
101111011001101
101111011001110
101111011001111
101111011010011
101111011010101
101111011010110
101111011010111
101111011011001
101111011011010
101111011011011
101111011011101
101111011011110
101111011011111
101111011100001
101111011100010
101111011100011
101111011100100
101111011100101
101111011100110
101111011100111
101111011101001
101111011101010
101111011101011
101111011101100
101111011101101
101111011101110
101111011101111
101111011110001
101111011110010
101111011110011
101111011110101
101111011110110
101111011110111
101111011111001
101111011111010
101111011111011
101111011111100
101111011111101
101111011111110
101111011111111
101111100000011
101111100000101
101111100000110
101111100000111
101111100001011
101111100001101
101111100001110
101111100001111
101111100010011
101111100010101
101111100010110
101111100010111
101111100011011
101111100011101
101111100011110
101111100011111
101111100100001
101111100100010
101111100100011
101111100100101
101111100100110
101111100100111
101111100101001
101111100101011
101111100101101
101111100101110
101111100101111
101111100110001
101111100110010
101111100110011
101111100110101
101111100110110
101111100110111
101111100111001
101111100111011
101111100111101
101111100111110
101111100111111
101111101000001
101111101000010
101111101000011
101111101000101
101111101000110
101111101000111
101111101001001
101111101001010
101111101001011
101111101001101
101111101001110
101111101001111
101111101010011
101111101010101
101111101010110
101111101010111
101111101011011
101111101011101
101111101011110
101111101011111
101111101100001
101111101100010
101111101100011
101111101100100
101111101100101
101111101100110
101111101100111
101111101101001
101111101101010
101111101101011
101111101101100
101111101101101
101111101101110
101111101101111
101111101110001
101111101110010
101111101110011
101111101110101
101111101110110
101111101110111
101111101111001
101111101111010
101111101111011
101111101111101
101111101111110
101111101111111
101111110000011
101111110000101
101111110000110
101111110000111
101111110001001
101111110001010
101111110001011
101111110001101
101111110001110
101111110001111
101111110010011
101111110010101
101111110010110
101111110010111
101111110011011
101111110011101
101111110011110
101111110011111
101111110100001
101111110100010
101111110100011
101111110100101
101111110100110
101111110100111
101111110101001
101111110101010
101111110101011
101111110101100
101111110101101
101111110101110
101111110101111
101111110110001
101111110110010
101111110110011
101111110110101
101111110110110
101111110110111
101111110111001
101111110111010
101111110111011
101111110111101
101111110111110
101111110111111
101111111000001
101111111000010
101111111000011
101111111000101
101111111000110
101111111000111
101111111001001
101111111001010
101111111001011
101111111001101
101111111001110
101111111001111
101111111010011
101111111010101
101111111010110
101111111010111
101111111011001
101111111011010
101111111011011
101111111011101
101111111011110
101111111011111
101111111100001
101111111100010
101111111100011
101111111100100
101111111100101
101111111100110
101111111100111
101111111101001
101111111101010
101111111101011
101111111101100
101111111101101
101111111101110
101111111101111
101111111110001
101111111110010
101111111110011
101111111110101
101111111110110
101111111110111
101111111111001
101111111111010
101111111111011
101111111111100
101111111111101
101111111111110
101111111111111
110110000000110
110110000001110
110110000100010
110110001000010
110110001001010
110110001100010
110110001100100
110110001101010
110110001101100
110110010000110
110110010001010
110110010001011
110110010001110
110110010100010
110110010101001
110110010101010
110110010101100
110110010101110
110110010111010
110110011000010
110110011001010
110110011001110
110110011011010
110110011100010
110110011100100
110110011101001
110110011101010
110110011101100
110110011101110
110110100000110
110110100001110
110110100100001
110110100100010
110110100100110
110110100101001
110110100101110
110110101000010
110110101000110
110110101001010
110110101001110
110110101100010
110110101100100
110110101101010
110110101101100
110110110000110
110110110001010
110110110001011
110110110001110
110110110011110
110110110100001
110110110100010
110110110100110
110110110101001
110110110101010
110110110101100
110110110101110
110110110110010
110110110111010
110110111000010
110110111000110
110110111001010
110110111001110
110110111011010
110110111100010
110110111100100
110110111101001
110110111101010
110110111101100
110110111101110
110110111111010
110110111111100
110111000001110
110111000100010
110111001000010
110111001001010
110111001101010
110111001101100
110111010000110
110111010001010
110111010001110
110111010100010
110111010101001
110111010101010
110111010101100
110111010101110
110111011000010
110111011001010
110111011001110
110111011100010
110111011100100
110111011101010
110111011101100
110111100000110
110111100001110
110111100100010
110111101000010
110111101001010
110111101100010
110111101100100
110111101101010
110111101101100
110111110000110
110111110001010
110111110001011
110111110001110
110111110100001
110111110100010
110111110100110
110111110101001
110111110101010
110111110101100
110111110101110
110111111000010
110111111000110
110111111001010
110111111001110
110111111100010
110111111100100
110111111101001
110111111101010
110111111101100
110111111101110
111110010101010
111110011101010
111110110100010
111110110101010
111110111101010
111111010101010
111111110101010
